9.000000000000000000e+00
-9.979999999999999315e-06
-1.488999999999999974e-05
-1.521999999999999997e-05
-1.188999999999999966e-05
1.000000000000000000e+01
4.400000000000000224e-06
3.379999999999999826e-06
6.100000000000000042e-06
4.699999999999999893e-06
1.100000000000000000e+01
-3.509999999999999852e-06
5.329999999999999791e-06
1.619999999999999948e-06
3.639999999999999878e-06
1.200000000000000000e+01
-4.200000000000000022e-07
6.150000000000000410e-06
-4.830000000000000343e-06
3.019999999999999885e-06
1.300000000000000000e+01
-1.407000000000000081e-05
-1.597000000000000126e-05
-1.800999999999999867e-05
-1.184000000000000014e-05
1.400000000000000000e+01
5.360000000000000350e-06
8.630000000000000382e-06
7.930000000000000308e-06
9.269999999999999337e-06
1.500000000000000000e+01
-8.400000000000000043e-07
4.320000000000000143e-06
1.159999999999999905e-06
-2.430000000000000028e-06
1.600000000000000000e+01
-5.699999999999999636e-06
-9.360000000000000169e-06
-3.229999999999999991e-06
9.799999999999999345e-07
1.700000000000000000e+01
-1.078000000000000013e-05
-2.553999999999999942e-05
-1.654999999999999909e-05
-1.386999999999999934e-05
1.800000000000000000e+01
6.190000000000000027e-06
3.580000000000000029e-06
4.819999999999999591e-06
1.040000000000000038e-05
1.900000000000000000e+01
-5.999999999999999728e-07
5.769999999999999813e-06
-2.719999999999999792e-06
2.359999999999999851e-06
2.000000000000000000e+01
-2.200000000000000112e-07
1.069999999999999920e-05
-1.060000000000000016e-06
2.860000000000000146e-06
2.100000000000000000e+01
-1.445000000000000056e-05
-1.686999999999999942e-05
-1.548000000000000087e-05
-1.307000000000000022e-05
2.200000000000000000e+01
3.450000000000000003e-06
2.420000000000000123e-06
4.240000000000000062e-06
1.048999999999999951e-05
2.300000000000000000e+01
-5.999999999999999728e-07
-3.379999999999999826e-06
-1.819999999999999939e-06
1.560000000000000099e-06
2.400000000000000000e+01
-1.260000000000000007e-06
-8.000000000000000167e-08
4.699999999999999999e-07
1.670000000000000104e-06
2.700000000000000000e+01
-1.084999999999999946e-05
-6.469999999999999887e-06
-6.520000000000000256e-06
-4.230000000000000158e-06
2.800000000000000000e+01
-6.309999999999999725e-06
-6.829999999999999829e-06
-7.910000000000000500e-06
-2.979999999999999844e-06
2.900000000000000000e+01
-2.006000000000000106e-05
-1.098999999999999981e-05
-2.566999999999999987e-05
-2.318000000000000168e-05
3.000000000000000000e+01
-6.450000000000000079e-06
6.999999999999999895e-06
2.740000000000000024e-06
-1.709999999999999933e-06
3.300000000000000000e+01
-1.794000000000000103e-05
-8.299999999999999942e-07
-9.190000000000000103e-06
-1.431000000000000021e-05
3.400000000000000000e+01
-2.810000000000000201e-06
1.224999999999999960e-05
1.042000000000000018e-05
1.529999999999999963e-06
3.500000000000000000e+01
-6.250000000000000300e-06
1.051999999999999923e-05
3.080000000000000157e-06
7.099999999999999785e-07
3.600000000000000000e+01
-5.399999999999999967e-06
-3.300000000000000168e-07
8.359999999999999579e-06
2.960000000000000035e-06
3.900000000000000000e+01
-8.770000000000000736e-06
-4.789999999999999879e-06
8.440000000000000507e-06
-0.000000000000000000e+00
4.000000000000000000e+01
-8.070000000000000662e-06
-1.085999999999999936e-05
4.879999999999999864e-06
-1.560000000000000099e-06
4.100000000000000000e+01
-1.722999999999999936e-05
-2.148000000000000102e-05
-5.679999999999999828e-06
-1.521000000000000006e-05
4.200000000000000000e+01
-3.839999999999999657e-06
5.799999999999999526e-07
1.196000000000000069e-05
4.050000000000000187e-06
4.500000000000000000e+01
-1.682000000000000159e-05
-1.654999999999999909e-05
-1.880000000000000000e-06
-5.079999999999999643e-06
4.600000000000000000e+01
6.729999999999999939e-06
2.125000000000000153e-05
1.851999999999999887e-05
1.684000000000000140e-05
4.700000000000000000e+01
9.999999999999999547e-08
1.262999999999999935e-05
1.542999999999999965e-05
1.174999999999999931e-05
4.800000000000000000e+01
-1.700000000000000029e-06
4.670000000000000180e-06
1.546999999999999927e-05
9.870000000000000369e-06
5.100000000000000000e+01
-5.969999999999999592e-06
-3.759999999999999999e-06
6.109999999999999946e-06
3.149999999999999910e-06
5.200000000000000000e+01
-7.940000000000000212e-06
5.669999999999999923e-06
1.900000000000000020e-06
5.219999999999999997e-06
5.300000000000000000e+01
-1.504999999999999990e-05
-5.630000000000000306e-06
-1.295999999999999958e-05
-8.470000000000000220e-06
5.400000000000000000e+01
-3.350000000000000113e-06
5.349999999999999599e-06
7.220000000000000330e-06
7.060000000000000168e-06
5.700000000000000000e+01
-1.663999999999999992e-05
1.285000000000000064e-05
-8.130000000000000087e-06
-8.879999999999999683e-06
5.800000000000000000e+01
-1.199999999999999893e-07
2.443000000000000157e-05
1.334999999999999924e-05
7.490000000000000286e-06
5.900000000000000000e+01
-2.590000000000000190e-06
2.390000000000000157e-05
3.329999999999999881e-06
8.879999999999999683e-06
6.000000000000000000e+01
-2.960000000000000035e-06
1.734000000000000000e-05
9.020000000000000037e-06
4.760000000000000166e-06
6.300000000000000000e+01
-1.242999999999999958e-05
1.078000000000000013e-05
1.250000000000000102e-06
-4.799999999999999571e-07
6.400000000000000000e+01
-8.379999999999999388e-06
2.072000000000000152e-05
2.629999999999999807e-06
-4.120000000000000364e-06
6.500000000000000000e+01
-1.614999999999999953e-05
-8.199999999999999841e-07
-1.297999999999999939e-05
-2.108999999999999967e-05
6.600000000000000000e+01
-4.200000000000000022e-07
2.557000000000000082e-05
8.919999999999999300e-06
7.050000000000000263e-06
6.900000000000000000e+01
-8.950000000000000707e-06
1.603999999999999889e-05
-5.799999999999999526e-07
-1.166000000000000017e-05
7.000000000000000000e+01
5.869999999999999703e-06
3.235000000000000028e-05
1.590000000000000023e-05
1.290000000000000016e-05
7.100000000000000000e+01
2.100000000000000011e-07
3.615999999999999938e-05
2.990000000000000172e-06
2.759999999999999833e-06
7.200000000000000000e+01
2.200000000000000112e-07
3.279000000000000285e-05
4.030000000000000379e-06
2.089999999999999895e-06
7.500000000000000000e+01
-3.639999999999999878e-06
3.728000000000000221e-05
-1.210000000000000062e-06
-4.339999999999999952e-06
7.600000000000000000e+01
-2.349999999999999947e-06
3.201000000000000015e-05
4.449999999999999746e-06
-3.919999999999999738e-06
7.700000000000000000e+01
-1.284000000000000073e-05
2.371000000000000169e-05
-1.456999999999999941e-05
-1.498000000000000057e-05
7.800000000000000000e+01
3.919999999999999738e-06
4.182999999999999761e-05
1.039000000000000047e-05
6.389999999999999806e-06
8.100000000000000000e+01
-9.219999999999999816e-06
3.529999999999999745e-05
-2.659999999999999943e-06
-3.509999999999999852e-06
8.200000000000000000e+01
3.790000000000000136e-06
5.472999999999999946e-05
1.582999999999999921e-05
1.650000000000000127e-05
8.300000000000000000e+01
1.199999999999999946e-06
4.983000000000000233e-05
1.116999999999999978e-05
1.096000000000000010e-05
8.400000000000000000e+01
-1.170000000000000021e-06
5.137999999999999935e-05
1.153999999999999963e-05
8.009999999999999542e-06
8.700000000000000000e+01
-3.929999999999999642e-06
6.396999999999999909e-05
4.899999999999999672e-06
7.349999999999999932e-06
8.800000000000000000e+01
5.300000000000000078e-07
4.886999999999999797e-05
6.299999999999999821e-06
6.479999999999999791e-06
8.900000000000000000e+01
-1.263999999999999926e-05
4.774000000000000032e-05
-5.409999999999999872e-06
-1.149000000000000010e-05
9.000000000000000000e+01
3.650000000000000205e-06
6.561999999999999853e-05
1.489999999999999964e-05
1.231000000000000072e-05
9.300000000000000000e+01
-6.389999999999999806e-06
5.589000000000000191e-05
-4.000000000000000084e-08
-4.740000000000000357e-06
9.400000000000000000e+01
5.360000000000000350e-06
7.087999999999999899e-05
2.025999999999999915e-05
1.180000000000000052e-05
9.500000000000000000e+01
4.899999999999999672e-06
6.899000000000000184e-05
1.181000000000000043e-05
6.649999999999999858e-06
9.600000000000000000e+01
3.850000000000000408e-06
7.648999999999999441e-05
1.327000000000000000e-05
1.182000000000000033e-05
9.900000000000000000e+01
2.520000000000000013e-06
5.950000000000000292e-05
8.709999999999999616e-06
7.379999999999999645e-06
1.000000000000000000e+02
6.479999999999999791e-06
6.954999999999999648e-05
4.930000000000000232e-06
6.430000000000000270e-06
1.010000000000000000e+02
-8.830000000000000162e-06
6.674000000000000136e-05
-4.799999999999999783e-06
-1.434999999999999983e-05
1.020000000000000000e+02
1.119999999999999949e-05
7.653999999999999563e-05
1.161000000000000065e-05
7.130000000000000344e-06
1.050000000000000000e+02
-3.700000000000000044e-07
6.498000000000000466e-05
-5.849999999999999894e-06
-8.399999999999999196e-06
1.060000000000000000e+02
1.802999999999999847e-05
9.362000000000000150e-05
1.790999999999999962e-05
9.310000000000000648e-06
1.070000000000000000e+02
1.449000000000000018e-05
7.220000000000000669e-05
1.438999999999999944e-05
4.909999999999999577e-06
1.080000000000000000e+02
1.313999999999999955e-05
7.839999999999999476e-05
1.113000000000000016e-05
3.300000000000000168e-06
1.170000000000000000e+02
-2.849999999999999818e-06
7.134000000000000476e-05
-4.600000000000000004e-06
-9.909999999999999986e-06
1.180000000000000000e+02
1.550000000000000068e-05
9.001999999999999531e-05
1.785000000000000020e-05
8.840000000000000066e-06
1.190000000000000000e+02
1.235000000000000034e-05
7.935999999999999912e-05
1.369999999999999927e-05
7.130000000000000344e-06
1.200000000000000000e+02
1.386999999999999934e-05
8.370000000000000161e-05
1.354000000000000081e-05
4.330000000000000048e-06
1.230000000000000000e+02
1.248000000000000079e-05
7.943999999999999835e-05
1.010999999999999976e-05
4.099999999999999920e-07
1.240000000000000000e+02
8.679999999999999904e-06
7.320000000000000389e-05
6.240000000000000395e-06
-2.139999999999999840e-06
1.250000000000000000e+02
-4.159999999999999981e-06
6.326000000000000080e-05
-8.209999999999999321e-06
-1.537000000000000023e-05
1.260000000000000000e+02
1.132999999999999994e-05
8.825999999999999861e-05
1.461000000000000073e-05
6.250000000000000300e-06
1.290000000000000000e+02
-2.290000000000000098e-06
8.652000000000000511e-05
-1.709999999999999933e-06
-9.890000000000000177e-06
1.300000000000000000e+02
1.517000000000000045e-05
1.072800000000000029e-04
1.726999999999999897e-05
1.232000000000000063e-05
1.310000000000000000e+02
1.116999999999999978e-05
1.058400000000000031e-04
1.942999999999999862e-05
1.220999999999999999e-05
1.320000000000000000e+02
1.058000000000000035e-05
1.048500000000000007e-04
1.408000000000000072e-05
9.219999999999999816e-06
1.350000000000000000e+02
9.389999999999999882e-06
9.218000000000000174e-05
1.131000000000000013e-05
6.900000000000000005e-06
1.360000000000000000e+02
6.160000000000000314e-06
9.919000000000000408e-05
9.290000000000000840e-06
3.539999999999999988e-06
1.370000000000000000e+02
-2.740000000000000024e-06
8.003000000000000456e-05
-2.579999999999999862e-06
-7.760000000000000242e-06
1.380000000000000000e+02
1.043999999999999999e-05
1.038099999999999971e-04
1.574999999999999998e-05
1.085999999999999936e-05
1.410000000000000000e+02
-6.899999999999999582e-07
9.304999999999999849e-05
5.099999999999999875e-07
-4.120000000000000364e-06
1.420000000000000000e+02
1.295999999999999958e-05
9.841000000000000138e-05
2.536000000000000114e-05
1.188999999999999966e-05
1.470000000000000000e+02
8.490000000000000029e-06
9.357999999999999511e-05
1.921000000000000073e-05
7.960000000000000021e-06
1.480000000000000000e+02
8.410000000000000795e-06
9.373999999999999358e-05
1.917999999999999932e-05
1.172999999999999950e-05
1.530000000000000000e+02
-3.700000000000000150e-06
8.197000000000000293e-05
5.100000000000000299e-06
-2.160000000000000072e-06
1.540000000000000000e+02
1.524999999999999968e-05
1.014599999999999942e-04
2.489000000000000056e-05
1.232000000000000063e-05
1.550000000000000000e+02
7.379999999999999645e-06
9.920999999999999372e-05
2.207000000000000045e-05
1.002000000000000063e-05
1.560000000000000000e+02
1.002000000000000063e-05
1.000399999999999976e-04
2.036000000000000158e-05
1.188999999999999966e-05
1.590000000000000000e+02
5.980000000000000343e-06
9.715000000000000328e-05
9.619999999999999374e-06
6.569999999999999777e-06
1.600000000000000000e+02
2.870000000000000050e-06
1.063199999999999985e-04
1.114999999999999997e-05
6.039999999999999769e-06
1.610000000000000000e+02
-9.010000000000000132e-06
8.176000000000000325e-05
-2.849999999999999818e-06
-9.700000000000000302e-06
1.620000000000000000e+02
6.540000000000000064e-06
9.966000000000000466e-05
1.875999999999999996e-05
8.029999999999999351e-06
1.650000000000000000e+02
-1.039999999999999995e-06
7.951999999999999759e-05
6.070000000000000329e-06
-8.329999999999999867e-06
1.660000000000000000e+02
1.429000000000000040e-05
1.115899999999999938e-04
2.530999999999999992e-05
1.313999999999999955e-05
1.710000000000000000e+02
9.969999999999999411e-06
1.053499999999999993e-04
2.330000000000000053e-05
9.109999999999999175e-06
1.720000000000000000e+02
6.589999999999999585e-06
1.015200000000000038e-04
2.125999999999999974e-05
6.579999999999999681e-06
1.730000000000000000e+02
-1.749999999999999974e-06
9.385999999999999920e-05
1.042000000000000018e-05
-7.920000000000000404e-06
1.740000000000000000e+02
1.669000000000000114e-05
1.134500000000000065e-04
3.093999999999999854e-05
1.462000000000000063e-05
1.770000000000000000e+02
3.719999999999999959e-06
1.075799999999999966e-04
1.913000000000000150e-05
1.370000000000000012e-06
1.780000000000000000e+02
1.976999999999999876e-05
1.180900000000000027e-04
4.280999999999999839e-05
2.864999999999999844e-05
1.790000000000000000e+02
1.824999999999999976e-05
1.008999999999999996e-04
3.283999999999999729e-05
2.140999999999999999e-05
1.800000000000000000e+02
1.111000000000000035e-05
1.129000000000000066e-04
3.257000000000000156e-05
1.779999999999999898e-05
1.830000000000000000e+02
4.699999999999999893e-06
1.030900000000000040e-04
2.233000000000000135e-05
1.521999999999999997e-05
1.840000000000000000e+02
3.710000000000000054e-06
1.119600000000000055e-04
2.324999999999999932e-05
1.054000000000000073e-05
1.850000000000000000e+02
-5.280000000000000269e-06
9.566000000000000230e-05
1.580999999999999940e-05
2.550000000000000149e-06
1.860000000000000000e+02
1.116999999999999978e-05
1.179300000000000042e-04
3.087000000000000090e-05
1.815999999999999892e-05
1.890000000000000000e+02
-7.580000000000000271e-06
1.024999999999999978e-04
1.726000000000000076e-05
2.000000000000000042e-08
1.900000000000000000e+02
6.770000000000000403e-06
1.156899999999999986e-04
3.662999999999999996e-05
2.146999999999999942e-05
1.910000000000000000e+02
6.100000000000000042e-06
1.129900000000000007e-04
3.185000000000000168e-05
1.284000000000000073e-05
1.920000000000000000e+02
5.000000000000000409e-06
1.045499999999999934e-04
3.231000000000000067e-05
1.273000000000000009e-05
1.950000000000000000e+02
3.890000000000000025e-06
1.022800000000000033e-04
2.725999999999999989e-05
1.529999999999999920e-05
1.960000000000000000e+02
1.590000000000000023e-06
9.594000000000000639e-05
2.714000000000000104e-05
1.233000000000000053e-05
1.970000000000000000e+02
-1.260999999999999955e-05
8.990000000000000324e-05
1.349999999999999949e-05
-5.839999999999999990e-06
1.980000000000000000e+02
4.629999999999999716e-06
1.088399999999999947e-04
3.487999999999999808e-05
1.521999999999999997e-05
1.000000000000000000e+00
2.411000000000000125e-05
1.248400000000000041e-04
5.277999999999999950e-05
3.519000000000000020e-05
2.000000000000000000e+00
1.751000000000000007e-05
1.192999999999999996e-04
4.801000000000000281e-05
2.767999999999999926e-05
3.000000000000000000e+00
2.250999999999999963e-05
1.110899999999999952e-04
4.712999999999999769e-05
2.366000000000000048e-05
4.000000000000000000e+00
8.329999999999999867e-06
1.029199999999999972e-04
2.788000000000000073e-05
1.542999999999999965e-05
7.000000000000000000e+00
8.970000000000000515e-06
9.053999999999999711e-05
3.481000000000000045e-05
1.447000000000000037e-05
8.000000000000000000e+00
2.700000000000000090e-07
8.901000000000000329e-05
1.552999999999999869e-05
1.219999999999999966e-06
9.000000000000000000e+00
1.028999999999999974e-05
1.106099999999999998e-04
3.368000000000000280e-05
1.978999999999999856e-05
1.000000000000000000e+01
9.409999999999999691e-06
9.663000000000000148e-05
2.818000000000000124e-05
1.550000000000000068e-05
1.300000000000000000e+01
2.905999999999999960e-05
1.202499999999999956e-04
4.780999999999999795e-05
3.011999999999999961e-05
1.400000000000000000e+01
2.129999999999999935e-05
1.215799999999999981e-04
3.872000000000000197e-05
2.837000000000000112e-05
1.500000000000000000e+01
2.167000000000000089e-05
1.168499999999999942e-04
4.558000000000000067e-05
2.788000000000000073e-05
1.600000000000000000e+01
1.046999999999999971e-05
9.893000000000000318e-05
2.493000000000000017e-05
9.510000000000000427e-06
1.900000000000000000e+01
1.540000000000000163e-05
1.016800000000000023e-04
2.407999999999999984e-05
7.829999999999999572e-06
2.000000000000000000e+01
1.320000000000000067e-06
8.933999999999999505e-05
1.012999999999999957e-05
-7.439999999999999917e-06
2.100000000000000000e+01
1.675999999999999878e-05
1.113499999999999961e-04
2.589999999999999936e-05
1.280999999999999933e-05
2.200000000000000000e+01
1.344000000000000007e-05
1.039600000000000008e-04
2.894000000000000074e-05
1.268000000000000057e-05
2.500000000000000000e+01
3.275999999999999805e-05
1.272699999999999927e-04
4.717999999999999890e-05
3.083000000000000128e-05
2.600000000000000000e+01
3.066000000000000122e-05
1.183599999999999984e-04
4.012999999999999695e-05
2.928999999999999909e-05
2.700000000000000000e+01
2.992000000000000153e-05
1.137799999999999982e-04
4.342000000000000102e-05
2.385999999999999856e-05
2.800000000000000000e+01
1.426000000000000069e-05
1.085199999999999978e-04
2.504999999999999903e-05
8.569999999999999263e-06
3.100000000000000000e+01
1.279999999999999942e-05
1.066599999999999986e-04
1.906000000000000047e-05
2.830000000000000010e-06
3.200000000000000000e+01
1.959999999999999869e-06
8.773000000000000199e-05
8.319999999999999962e-06
-8.849999999999999970e-06
3.300000000000000000e+01
1.696999999999999846e-05
1.096999999999999966e-04
2.686999999999999854e-05
1.030999999999999954e-05
3.400000000000000000e+01
1.601000000000000087e-05
1.031299999999999968e-04
2.814999999999999984e-05
6.139999999999999659e-06
3.700000000000000000e+01
3.126000000000000225e-05
1.232600000000000091e-04
4.444000000000000142e-05
2.884999999999999991e-05
3.800000000000000000e+01
2.547999999999999999e-05
1.142200000000000008e-04
3.912999999999999974e-05
1.949999999999999965e-05
3.900000000000000000e+01
2.447000000000000119e-05
1.160500000000000019e-04
4.394999999999999764e-05
2.004000000000000125e-05
4.000000000000000000e+01
1.489999999999999964e-05
9.958000000000000543e-05
2.691999999999999976e-05
8.060000000000000758e-06
4.300000000000000000e+01
1.135999999999999966e-05
9.522999999999999456e-05
2.449999999999999921e-05
1.192999999999999928e-05
4.400000000000000000e+01
-1.600000000000000033e-07
9.048000000000000107e-05
1.552000000000000048e-05
-4.169999999999999885e-06
4.500000000000000000e+01
1.707000000000000089e-05
1.103200000000000009e-04
3.787000000000000164e-05
1.713000000000000032e-05
4.600000000000000000e+01
9.039999999999999845e-06
1.029199999999999972e-04
3.259999999999999958e-05
1.218000000000000027e-05
4.900000000000000000e+01
3.191999999999999932e-05
1.292200000000000130e-04
5.417999999999999964e-05
3.902999999999999731e-05
5.000000000000000000e+01
2.513999999999999986e-05
1.224099999999999884e-04
4.707000000000000165e-05
3.203999999999999817e-05
5.100000000000000000e+01
2.727999999999999970e-05
1.145399999999999977e-04
5.014999999999999927e-05
2.992999999999999974e-05
5.200000000000000000e+01
1.298999999999999930e-05
1.123699999999999965e-04
3.211000000000000258e-05
1.629999999999999979e-05
5.500000000000000000e+01
1.250000000000000060e-05
1.131100000000000063e-04
3.235000000000000028e-05
1.283000000000000083e-05
5.600000000000000000e+01
3.480000000000000139e-06
1.013400000000000021e-04
1.686999999999999942e-05
-2.800000000000000191e-07
5.700000000000000000e+01
1.855000000000000027e-05
1.181299999999999955e-04
3.856999999999999833e-05
2.392999999999999958e-05
5.800000000000000000e+01
1.489999999999999964e-05
1.143200000000000032e-04
3.724999999999999741e-05
1.961000000000000029e-05
6.100000000000000000e+01
3.076999999999999847e-05
1.420500000000000105e-04
5.527999999999999928e-05
3.740000000000000106e-05
6.200000000000000000e+01
2.591000000000000096e-05
1.336200000000000116e-04
5.020000000000000048e-05
3.488999999999999968e-05
6.300000000000000000e+01
2.688999999999999835e-05
1.308000000000000081e-04
5.572999999999999666e-05
3.369999999999999922e-05
6.400000000000000000e+01
1.703999999999999948e-05
1.224400000000000000e-04
3.691999999999999888e-05
1.779000000000000077e-05
6.700000000000000000e+01
1.319000000000000077e-05
1.243200000000000023e-04
3.851000000000000229e-05
1.593999999999999985e-05
6.800000000000000000e+01
7.649999999999999601e-06
1.133800000000000020e-04
2.648999999999999879e-05
-1.439999999999999977e-06
6.900000000000000000e+01
2.059999999999999928e-05
1.329500000000000061e-04
3.898000000000000287e-05
1.913999999999999971e-05
7.000000000000000000e+01
1.677000000000000037e-05
1.221799999999999991e-04
4.008000000000000251e-05
1.503000000000000009e-05
7.300000000000000000e+01
3.257000000000000156e-05
1.450000000000000009e-04
5.870999999999999862e-05
3.266000000000000240e-05
7.400000000000000000e+01
3.255999999999999997e-05
1.363100000000000010e-04
5.551000000000000216e-05
3.026999999999999987e-05
7.500000000000000000e+01
3.466999999999999840e-05
1.373599999999999995e-04
5.208000000000000281e-05
2.650000000000000039e-05
7.600000000000000000e+01
1.822999999999999995e-05
1.215299999999999969e-04
3.711000000000000214e-05
1.429000000000000040e-05
7.900000000000000000e+01
1.963000000000000010e-05
1.362199999999999934e-04
3.283000000000000246e-05
1.036000000000000076e-05
8.000000000000000000e+01
5.000000000000000409e-06
1.168600000000000026e-04
1.970999999999999933e-05
-1.520000000000000058e-06
8.100000000000000000e+01
1.942999999999999862e-05
1.345499999999999908e-04
4.084000000000000201e-05
2.190000000000000039e-05
8.200000000000000000e+01
1.860000000000000149e-05
1.237800000000000109e-04
3.448999999999999673e-05
1.754000000000000147e-05
8.500000000000000000e+01
3.369999999999999922e-05
1.382599999999999942e-04
5.550000000000000056e-05
3.568999999999999880e-05
8.600000000000000000e+01
2.790000000000000054e-05
1.348300000000000084e-04
5.628999999999999808e-05
3.571000000000000199e-05
8.700000000000000000e+01
3.156999999999999759e-05
1.404999999999999999e-04
5.178999999999999712e-05
2.992000000000000153e-05
8.800000000000000000e+01
2.112999999999999929e-05
1.220100000000000058e-04
3.583000000000000085e-05
1.382999999999999972e-05
9.100000000000000000e+01
2.057000000000000126e-05
1.188599999999999970e-04
3.839999999999999826e-05
7.979999999999999829e-06
9.200000000000000000e+01
4.740000000000000357e-06
1.009599999999999956e-04
2.523999999999999890e-05
-6.119999999999999850e-06
9.300000000000000000e+01
2.839999999999999914e-05
1.252699999999999983e-04
4.025999999999999739e-05
1.927999999999999837e-05
9.400000000000000000e+01
1.891999999999999842e-05
1.203100000000000052e-04
3.562000000000000116e-05
1.349999999999999949e-05
9.700000000000000000e+01
4.054000000000000149e-05
1.415900000000000047e-04
5.708000000000000237e-05
3.354000000000000075e-05
9.800000000000000000e+01
3.680000000000000003e-05
1.422399999999999934e-04
5.811999999999999919e-05
3.454999999999999955e-05
9.900000000000000000e+01
3.864000000000000274e-05
1.381699999999999866e-04
5.305999999999999682e-05
2.888000000000000132e-05
1.000000000000000000e+02
2.190000000000000039e-05
1.178699999999999946e-04
3.396000000000000011e-05
1.435999999999999973e-05
1.030000000000000000e+02
2.091000000000000139e-05
1.260300000000000114e-04
3.156000000000000276e-05
1.257999999999999983e-05
1.040000000000000000e+02
1.196000000000000069e-05
1.032000000000000013e-04
2.021000000000000132e-05
-1.019999999999999975e-06
1.050000000000000000e+02
2.417999999999999888e-05
1.312800000000000035e-04
3.749999999999999671e-05
2.004000000000000125e-05
1.060000000000000000e+02
2.595000000000000057e-05
1.378600000000000116e-04
3.423000000000000261e-05
1.485000000000000012e-05
1.090000000000000000e+02
4.708999999999999807e-05
1.527499999999999995e-04
5.548999999999999896e-05
3.478999999999999725e-05
1.100000000000000000e+02
4.203999999999999729e-05
1.507599999999999999e-04
5.247999999999999898e-05
2.782000000000000130e-05
1.110000000000000000e+02
4.126000000000000137e-05
1.549599999999999936e-04
4.788000000000000236e-05
2.750999999999999919e-05
1.120000000000000000e+02
2.883999999999999831e-05
1.373799999999999891e-04
3.444000000000000230e-05
9.330000000000000457e-06
1.150000000000000000e+02
2.873000000000000106e-05
1.323499999999999915e-04
3.536000000000000026e-05
6.049999999999999673e-06
1.160000000000000000e+02
1.698000000000000006e-05
1.228699999999999942e-04
1.692000000000000063e-05
-3.210000000000000183e-06
1.170000000000000000e+02
3.283000000000000246e-05
1.447499999999999948e-04
3.635000000000000264e-05
1.174999999999999931e-05
1.180000000000000000e+02
2.264000000000000008e-05
1.231500000000000118e-04
2.947000000000000075e-05
6.430000000000000270e-06
1.210000000000000000e+02
4.189000000000000042e-05
1.354700000000000023e-04
4.759999999999999827e-05
2.773999999999999868e-05
1.220000000000000000e+02
3.635999999999999747e-05
1.313499999999999943e-04
4.605000000000000125e-05
2.744000000000000155e-05
1.230000000000000000e+02
3.699000000000000329e-05
1.342199999999999990e-04
4.475999999999999836e-05
1.997000000000000023e-05
1.240000000000000000e+02
2.538999999999999916e-05
1.255299999999999992e-04
3.127999999999999867e-05
9.830000000000000752e-06
1.270000000000000000e+02
2.644999999999999917e-05
1.284900000000000115e-04
3.265000000000000080e-05
8.699999999999999712e-06
1.280000000000000000e+02
1.348999999999999959e-05
1.145899999999999989e-04
2.114999999999999910e-05
-6.000000000000000152e-06
1.290000000000000000e+02
2.913999999999999883e-05
1.356700000000000072e-04
3.977000000000000039e-05
1.321000000000000058e-05
1.300000000000000000e+02
2.926999999999999928e-05
1.313700000000000111e-04
3.495000000000000249e-05
6.960000000000000278e-06
1.330000000000000000e+02
4.353999999999999987e-05
1.487500000000000107e-04
5.377999999999999670e-05
2.330999999999999874e-05
1.340000000000000000e+02
3.653999999999999913e-05
1.492099999999999893e-04
4.737000000000000217e-05
2.337000000000000156e-05
1.350000000000000000e+02
3.771999999999999800e-05
1.410000000000000120e-04
4.830000000000000173e-05
2.326999999999999913e-05
1.360000000000000000e+02
2.341000000000000117e-05
1.306299999999999877e-04
3.363000000000000158e-05
2.650000000000000039e-06
1.390000000000000000e+02
2.008000000000000087e-05
1.382599999999999942e-04
2.710000000000000142e-05
-6.300000000000000033e-07
1.400000000000000000e+02
1.422999999999999928e-05
1.175999999999999989e-04
1.195000000000000078e-05
-1.152999999999999972e-05
1.410000000000000000e+02
2.869999999999999965e-05
1.251000000000000050e-04
3.550999999999999713e-05
5.849999999999999894e-06
1.420000000000000000e+02
2.315000000000000028e-05
1.288499999999999878e-04
3.063000000000000320e-05
3.919999999999999738e-06
1.450000000000000000e+02
4.424999999999999816e-05
1.455000000000000130e-04
4.962000000000000265e-05
2.466999999999999928e-05
1.460000000000000000e+02
3.780999999999999883e-05
1.432700000000000022e-04
4.257000000000000069e-05
2.046000000000000062e-05
1.470000000000000000e+02
4.035999999999999983e-05
1.424700000000000098e-04
4.344999999999999904e-05
2.010000000000000068e-05
1.480000000000000000e+02
2.407999999999999984e-05
1.391300000000000045e-04
2.856999999999999920e-05
3.199999999999999855e-06
1.510000000000000000e+02
1.862999999999999951e-05
1.341000000000000070e-04
2.786999999999999913e-05
-3.050000000000000021e-06
1.520000000000000000e+02
9.300000000000000744e-06
1.219100000000000034e-04
1.496000000000000076e-05
-1.271000000000000028e-05
1.530000000000000000e+02
2.850999999999999978e-05
1.463000000000000053e-04
3.483999999999999847e-05
5.460000000000000240e-06
1.540000000000000000e+02
2.250000000000000142e-05
1.346899999999999996e-04
3.019000000000000063e-05
3.279999999999999936e-06
1.570000000000000000e+02
4.194000000000000164e-05
1.514599999999999898e-04
4.449999999999999746e-05
2.502999999999999922e-05
1.580000000000000000e+02
3.296999999999999774e-05
1.476799999999999955e-04
4.508999999999999689e-05
2.260999999999999867e-05
1.590000000000000000e+02
3.426000000000000063e-05
1.543799999999999957e-04
4.241999999999999704e-05
2.129000000000000114e-05
1.600000000000000000e+02
2.175000000000000013e-05
1.344200000000000039e-04
3.019999999999999885e-05
5.509999999999999761e-06
